      0/99      2.5G   0.07637   0.02421   0.01642     0.117        30       640    0.4673    0.6658    0.4512     0.099   0.07136   0.01334  0.003197
      1/99     3.02G   0.05204   0.01267  0.002896    0.0676        26       640    0.7088    0.8345    0.8078    0.2526    0.0489  0.009556   0.00196
      2/99     3.02G   0.04729  0.009929  0.002489   0.05971        21       640    0.6925    0.8354    0.8176    0.3684   0.04023  0.008487  0.001794
      3/99     3.02G   0.04132  0.008939   0.00207   0.05232        31       640    0.9802    0.9895    0.9896    0.6555   0.02613  0.007341  0.001435
      4/99     3.02G   0.03534   0.00807  0.001601   0.04501        28       640    0.9938    0.9904    0.9934    0.6721   0.02346  0.006635  0.001085
      5/99     3.02G   0.03036  0.007558  0.001154   0.03907        28       640    0.9923    0.9924    0.9951    0.7431   0.02232  0.006271 0.0008646
      6/99     3.03G   0.02797  0.007105  0.000881   0.03596        31       640    0.9944    0.9928    0.9952    0.7466    0.0198  0.006096 0.0007439
      7/99     3.03G   0.02603  0.006869 0.0008365   0.03374        25       640    0.9939    0.9934    0.9942    0.7449   0.02016  0.005779 0.0007941
      8/99     3.03G   0.02491  0.006468 0.0006485   0.03202        22       640    0.9933    0.9924    0.9952    0.7009   0.02166  0.005814 0.0005518
      9/99     3.03G   0.02374  0.006516 0.0006862   0.03094        27       640     0.995    0.9943    0.9948    0.7702   0.01852  0.005558 0.0005304
     10/99     3.03G    0.0228  0.006249 0.0006375   0.02969        40       640     0.995    0.9943     0.995    0.7824   0.01693  0.005398 0.0004583
     11/99     3.03G   0.02225  0.006164 0.0006179   0.02903        17       640    0.9931    0.9924    0.9938    0.7668   0.01817   0.00551 0.0004611
     12/99     3.03G   0.02135   0.00607 0.0005123   0.02793        28       640    0.9952    0.9924    0.9956    0.7754   0.01733  0.005246 0.0004832
     13/99     3.03G   0.02089  0.005895 0.0005192    0.0273        33       640    0.9951    0.9943    0.9955    0.7866   0.01654  0.005262 0.0005007
     14/99     3.03G   0.02082  0.005857 0.0004841   0.02716        28       640    0.9943    0.9943     0.995    0.7695   0.01772  0.005338 0.0003982
     15/99     3.03G   0.02028  0.005867 0.0004625   0.02661        25       640     0.995    0.9914    0.9917     0.777   0.01712   0.00536 0.0003554
     16/99     3.03G   0.01961  0.005742 0.0004456    0.0258        33       640    0.9924    0.9943    0.9938    0.7939   0.01639  0.005186 0.0004075
     17/99     3.03G   0.01944  0.005763 0.0004017   0.02561        28       640    0.9947    0.9952    0.9956      0.81   0.01549  0.005028 0.0003252
     18/99     3.03G   0.01954  0.005637 0.0004044   0.02558        24       640    0.9924    0.9919    0.9948    0.8113   0.01571  0.005085 0.0003708
     19/99     3.03G   0.01872  0.005559 0.0003557   0.02463        31       640    0.9933    0.9943     0.995    0.8146   0.01524  0.004978 0.0003023
     20/99     3.03G    0.0184  0.005428  0.000394   0.02422        27       640    0.9961    0.9943    0.9953    0.8155   0.01492  0.004926 0.0002917
     21/99     3.03G   0.01872  0.005605 0.0003426   0.02467        20       640    0.9922    0.9934    0.9952    0.8097   0.01578  0.005004 0.0003291
     22/99     3.03G   0.01865   0.00545 0.0003434   0.02444        29       640    0.9943    0.9934    0.9956     0.822   0.01474  0.004944 0.0003798
     23/99     3.03G    0.0179  0.005383 0.0003455   0.02363        26       640    0.9961    0.9933    0.9953     0.804   0.01516  0.004891 0.0002584
     24/99     3.03G   0.01781  0.005301 0.0003604   0.02348        24       640    0.9961    0.9952    0.9957    0.7973   0.01591   0.00505 0.0002862
     25/99     3.03G   0.01759  0.005301 0.0004265   0.02332        23       640    0.9947    0.9952    0.9956    0.8307   0.01415  0.004739  0.000293
     26/99     3.03G   0.01749  0.005338 0.0003289   0.02316        30       640    0.9943    0.9915    0.9956    0.8285   0.01442  0.004736 0.0002751
     27/99     3.03G   0.01753  0.005336 0.0002835   0.02315        38       640    0.9935    0.9924    0.9955    0.8329   0.01413  0.004762 0.0003254
     28/99     3.03G   0.01706  0.005188 0.0002897   0.02254        29       640     0.993    0.9933    0.9955    0.8191   0.01464  0.004818 0.0002787
     29/99     3.03G   0.01663  0.005107 0.0003106   0.02204        24       640    0.9952    0.9943    0.9958    0.8149   0.01513  0.004901 0.0003022
     30/99     3.03G   0.01664  0.005048 0.0002699   0.02196        32       640    0.9952    0.9933    0.9954    0.8226   0.01452  0.004702  0.000248
     31/99     3.03G   0.01654     0.005 0.0002699   0.02181        23       640    0.9952    0.9934    0.9956    0.8279    0.0142  0.004701 0.0002483
     32/99     3.03G   0.01662  0.005065 0.0002893   0.02198        35       640    0.9959    0.9952    0.9955    0.8379   0.01382  0.004669  0.000335
     33/99     3.03G    0.0159  0.005029 0.0002419   0.02117        36       640    0.9942    0.9933    0.9956    0.8312   0.01396  0.004694 0.0001869
     34/99     3.03G   0.01586  0.004932 0.0002306   0.02103        34       640     0.994    0.9933    0.9954    0.8372   0.01384  0.004666 0.0002201
     35/99     3.03G   0.01582  0.004934 0.0002371   0.02099        27       640    0.9951    0.9943    0.9957    0.8317   0.01375  0.004639  0.000218
     36/99     3.03G   0.01578  0.004979 0.0002356   0.02099        28       640    0.9961    0.9933    0.9958    0.8291   0.01396  0.004589  0.000207
     37/99     3.03G   0.01545  0.004861 0.0002388   0.02055        23       640    0.9961    0.9933    0.9957    0.8291   0.01412  0.004522 0.0002228
     38/99     3.03G   0.01525  0.004832 0.0002133    0.0203        25       640    0.9961    0.9924    0.9955    0.8152   0.01488  0.004689 0.0002009
     39/99     3.03G   0.01517   0.00476  0.000221   0.02015        26       640     0.997    0.9899    0.9956    0.8408   0.01362  0.004529 0.0002191
     40/99     3.03G   0.01485  0.004778 0.0002104   0.01983        21       640    0.9959    0.9905    0.9953    0.8429   0.01325  0.004416 0.0002065
     41/99     3.03G    0.0147  0.004735 0.0002175   0.01965        28       640    0.9951    0.9943    0.9957    0.8379   0.01329  0.004425 0.0002524
     42/99     3.03G   0.01495  0.004806 0.0002132   0.01997        31       640    0.9961    0.9924    0.9956    0.8409   0.01333  0.004478 0.0002219
     43/99     3.03G   0.01453  0.004741 0.0002053   0.01948        31       640     0.994    0.9934     0.996    0.8382    0.0135  0.004443 0.0001808
     44/99     3.03G   0.01441  0.004755 0.0001737   0.01934        29       640    0.9955    0.9914    0.9952    0.8418    0.0132  0.004417 0.0001497
     45/99     3.03G   0.01459  0.004741 0.0001752    0.0195        25       640     0.998    0.9933    0.9956    0.8329   0.01395  0.004579 0.0001842
     46/99     3.03G   0.01417  0.004511 0.0001869   0.01887        27       640    0.9949    0.9933    0.9954    0.8411   0.01331  0.004447 0.0001904
     47/99     3.03G   0.01406  0.004576 0.0001824   0.01882        28       640    0.9971    0.9927    0.9958     0.845   0.01322  0.004459 0.0001615
     48/99     3.03G   0.01437  0.004668 0.0001611    0.0192        23       640    0.9962    0.9925    0.9957    0.8437    0.0134  0.004423 0.0001577
     49/99     3.03G    0.0138  0.004509 0.0001573   0.01847        32       640    0.9951    0.9943    0.9956     0.843   0.01313  0.004324 0.0001394
     50/99     3.03G   0.01364   0.00453 0.0001641   0.01834        30       640    0.9961    0.9921    0.9957    0.8443   0.01337   0.00441 0.0001489
     51/99     3.03G   0.01378  0.004492 0.0001643   0.01844        24       640    0.9961    0.9927    0.9957    0.8452   0.01344  0.004426  0.000154
     52/99     3.03G   0.01337  0.004414  0.000159   0.01794        22       640    0.9969    0.9924     0.996    0.8471   0.01287  0.004333 0.0001395
     53/99     3.03G   0.01341  0.004466  0.000153   0.01802        33       640    0.9941    0.9933    0.9955    0.8434   0.01327  0.004401 0.0001432
     54/99     3.03G   0.01349  0.004386 0.0001466   0.01802        21       640    0.9961    0.9933    0.9947    0.8454   0.01297  0.004337 0.0001465
     55/99     3.03G   0.01307  0.004362 0.0001519   0.01758        25       640    0.9981    0.9914    0.9958    0.8463   0.01276  0.004317 0.0001297
     56/99     3.03G   0.01304  0.004356 0.0001448   0.01754        26       640    0.9972    0.9924    0.9959    0.8548    0.0126  0.004247 0.0001348
     57/99     3.03G   0.01289  0.004326 0.0001364   0.01735        27       640    0.9961    0.9952    0.9958    0.8511   0.01268  0.004272   0.00013
     58/99     3.03G   0.01289  0.004316 0.0001258   0.01733        31       640    0.9949    0.9933    0.9957    0.8488   0.01281  0.004304 0.0001163
     59/99     3.03G   0.01267  0.004307 0.0001312    0.0171        39       640    0.9961    0.9942    0.9957    0.8485   0.01278  0.004326 0.0001307
     60/99     3.03G   0.01255  0.004204 0.0001284   0.01688        21       640    0.9955    0.9952    0.9958    0.8464   0.01282  0.004311 0.0001159
     61/99     3.03G   0.01251  0.004243 0.0001277   0.01688        30       640     0.997    0.9923     0.996    0.8527   0.01264  0.004245 0.0001209
     62/99     3.03G   0.01241  0.004272 0.0001202   0.01681        29       640    0.9971    0.9943     0.996    0.8546   0.01253  0.004219 0.0001127
     63/99     3.03G   0.01224  0.004075 0.0001169   0.01643        35       640     0.996    0.9952     0.996    0.8554   0.01258  0.004292 0.0001081
     64/99     3.03G   0.01215  0.004209 0.0001136   0.01647        23       640    0.9947    0.9952     0.996    0.8572   0.01244  0.004248 0.0001061
     65/99     3.03G   0.01197  0.004166 0.0001132   0.01625        28       640     0.996    0.9952     0.996     0.855   0.01245  0.004231 0.0001086
     66/99     3.03G   0.01195  0.004093 0.0001107   0.01616        30       640    0.9946    0.9962     0.996    0.8585    0.0123  0.004172  9.91e-05
     67/99     3.03G   0.01173  0.004094 9.929e-05   0.01593        25       640     0.996    0.9952     0.996    0.8579   0.01227  0.004204 9.481e-05
     68/99     3.03G   0.01182  0.004135 9.612e-05   0.01606        21       640    0.9961    0.9933     0.996    0.8584   0.01228  0.004173 8.627e-05
     69/99     3.03G   0.01171  0.004013 9.837e-05   0.01582        30       640     0.995    0.9962     0.996    0.8526   0.01254  0.004167 9.516e-05
     70/99     3.03G   0.01167  0.004071 9.234e-05   0.01583        26       640    0.9955    0.9952    0.9958    0.8548   0.01238    0.0042 8.465e-05
     71/99     3.03G   0.01155   0.00409 8.908e-05   0.01573        21       640     0.997    0.9933    0.9957    0.8546   0.01255  0.004218 8.343e-05
     72/99     3.03G   0.01131  0.003977 8.838e-05   0.01537        25       640     0.996    0.9943    0.9959    0.8561   0.01243  0.004219 9.376e-05
     73/99     3.03G   0.01132  0.003978  8.23e-05   0.01538        31       640     0.995    0.9952     0.996    0.8586   0.01223  0.004166 7.287e-05
     74/99     3.03G   0.01128  0.003934 7.729e-05   0.01529        30       640    0.9962    0.9952     0.996    0.8545   0.01238  0.004195 7.255e-05
     75/99     3.03G   0.01121  0.003871 7.687e-05   0.01516        35       640    0.9957    0.9962     0.996     0.861   0.01223  0.004165 7.596e-05
     76/99     3.03G    0.0109   0.00385 8.363e-05   0.01483        31       640    0.9959    0.9952     0.996    0.8566   0.01236   0.00418 7.522e-05
     77/99     3.03G   0.01102  0.003846 8.546e-05   0.01495        24       640     0.996    0.9943     0.996    0.8577   0.01241  0.004171 7.663e-05
     78/99     3.03G   0.01092  0.003917  7.37e-05   0.01491        33       640    0.9971     0.994     0.996    0.8595   0.01207  0.004127  6.56e-05
     79/99     3.03G   0.01098  0.003808 6.965e-05   0.01486        20       640    0.9952    0.9944     0.996    0.8598   0.01225  0.004138 6.991e-05
     80/99     3.03G    0.0108  0.003865 7.018e-05   0.01473        26       640     0.997    0.9943     0.996    0.8601   0.01223  0.004156 6.196e-05
     81/99     3.03G   0.01081  0.003786 6.556e-05   0.01466        33       640    0.9946    0.9962    0.9958    0.8564   0.01222  0.004176 6.358e-05
     82/99     3.03G   0.01069  0.003821 6.842e-05   0.01458        33       640    0.9947    0.9962    0.9959    0.8602   0.01224  0.004138 6.137e-05
     83/99     3.03G   0.01068  0.003878  6.57e-05   0.01463        30       640    0.9948    0.9962    0.9959    0.8582   0.01219  0.004148 6.499e-05
     84/99     3.03G   0.01063  0.003821 6.426e-05   0.01451        28       640     0.996    0.9952     0.996    0.8618   0.01201  0.004097 6.142e-05
     85/99     3.03G   0.01048  0.003815 5.945e-05   0.01436        27       640     0.996    0.9952     0.996    0.8596    0.0121  0.004088 5.486e-05
     86/99     3.03G   0.01026  0.003705 5.611e-05   0.01402        34       640     0.996    0.9943    0.9961    0.8594   0.01208  0.004139 5.353e-05
     87/99     3.03G   0.01022  0.003794 6.145e-05   0.01408        32       640    0.9942    0.9962    0.9961    0.8602   0.01226  0.004174 4.919e-05
     88/99     3.03G    0.0103  0.003725 5.799e-05   0.01408        24       640    0.9961    0.9943     0.996     0.858   0.01229   0.00417 4.779e-05
     89/99     3.03G   0.01038  0.003701 5.197e-05   0.01413        26       640    0.9961    0.9952     0.996    0.8576   0.01224  0.004162 4.668e-05
     90/99     3.03G   0.01023  0.003674 5.464e-05   0.01396        39       640    0.9961    0.9952     0.996    0.8601   0.01212  0.004135 4.755e-05
     91/99     3.03G   0.01009   0.00363 5.639e-05   0.01378        40       640    0.9961    0.9952    0.9961    0.8597   0.01215  0.004148 4.943e-05
     92/99     3.03G   0.01024  0.003616 5.317e-05   0.01391        35       640     0.996    0.9943     0.996    0.8616   0.01216  0.004179  4.94e-05
     93/99     3.03G   0.01006  0.003671 5.162e-05   0.01379        26       640     0.995    0.9952    0.9961    0.8623   0.01213  0.004147 4.844e-05
     94/99     3.03G  0.009938  0.003566 4.985e-05   0.01355        34       640    0.9946    0.9962     0.996      0.86   0.01207  0.004156 4.638e-05
     95/99     3.03G  0.009965  0.003619 4.837e-05   0.01363        21       640    0.9948    0.9962     0.996    0.8611   0.01213  0.004183 4.763e-05
     96/99     3.03G   0.01008  0.003677 4.757e-05    0.0138        19       640    0.9958    0.9952    0.9961    0.8607   0.01208  0.004128 4.522e-05
     97/99     3.03G   0.01009  0.003659 4.703e-05    0.0138        27       640    0.9959    0.9952     0.996     0.861   0.01216  0.004177 4.381e-05
     98/99     3.03G  0.009911    0.0037   4.7e-05   0.01366        27       640    0.9959    0.9952    0.9959    0.8598    0.0121  0.004148 4.363e-05
     99/99     3.03G  0.009908  0.003598 4.969e-05   0.01356        24       640    0.9962    0.9943    0.9959    0.8604   0.01215  0.004144 4.452e-05
