      0/99     2.88G    0.1229   0.03415   0.03355    0.1906        30       640         0         0         0         0    0.1152    0.0312   0.03257
      1/99     3.12G    0.1215   0.03151   0.03273    0.1857        26       640 0.0004258   0.04167 4.495e-05 4.495e-06     0.112    0.0299   0.03184
      2/99     3.12G    0.1185   0.02974   0.03225    0.1805        32       640 0.0004848   0.04167  5.24e-05 1.048e-05     0.108   0.02911   0.03084
      3/99     3.12G    0.1147   0.02851   0.03207    0.1752        27       640 0.0006608   0.04167 6.268e-05 1.254e-05    0.1042   0.02854   0.02996
      4/99     3.12G    0.1112   0.02832   0.03077    0.1703        28       640 0.0006807   0.04167 7.237e-05 2.171e-05    0.1012   0.02802   0.02905
      5/99     3.12G    0.1091   0.02721   0.03049    0.1668        32       640 0.0009272   0.04167 0.0001825 3.666e-05    0.0992   0.02747   0.02814
      6/99     3.12G    0.1063   0.02594   0.02922    0.1615        23       640  0.001221   0.04167 0.0002871 4.152e-05   0.09643   0.02725   0.02734
      7/99     3.12G    0.1035   0.02695   0.02812    0.1586        25       640  0.001956   0.04167 0.0004949 0.0001019   0.09364   0.02714   0.02659
      8/99     3.12G    0.1018   0.02531   0.02754    0.1547        28       640   0.00249   0.04167  0.001396 0.0001673   0.09113   0.02697   0.02591
      9/99     3.12G   0.09786   0.02655    0.0269    0.1513        33       640  0.004596   0.08333  0.001746 0.0002537    0.0893   0.02681   0.02513
     10/99     3.12G   0.09674   0.02724   0.02645    0.1504        28       640  0.006866    0.2639  0.003576 0.0006168   0.08569   0.02709   0.02439
     11/99     3.12G    0.0946   0.02741   0.02491    0.1469        32       640   0.01304    0.1806  0.006652  0.001328     0.083   0.02717   0.02368
     12/99     3.12G   0.08931   0.02738    0.0248    0.1415        30       640   0.02137    0.4028   0.01357  0.003229   0.07917   0.02768   0.02281
     13/99     3.12G   0.08833   0.02598   0.02446    0.1388        25       640   0.03969    0.3194   0.02162  0.007224   0.07663   0.02785    0.0223
     14/99     3.12G   0.08462   0.02987   0.02274    0.1372        31       640   0.07323    0.3194   0.04669   0.01512   0.07455     0.028   0.02178
     15/99     3.12G   0.08108   0.02788   0.02244    0.1314        26       640     0.127    0.3194   0.06827   0.02046   0.07143   0.02828   0.02112
     16/99     3.12G   0.08015   0.03025   0.02162     0.132        28       640    0.1978    0.4167    0.1396   0.04299   0.06909    0.0284   0.02042
     17/99     3.12G   0.07715   0.02683    0.0211    0.1251        30       640    0.3523     0.375     0.208    0.0546   0.06869    0.0281   0.01993
     18/99     3.12G   0.07423   0.02955    0.0203    0.1241        31       640    0.5324    0.3611    0.3238    0.1045   0.06385   0.02867   0.01942
     19/99     3.12G   0.07136   0.03019   0.02018    0.1217        32       640    0.2706       0.5    0.3144    0.1175   0.06195   0.02857   0.01903
     20/99     3.12G   0.06811   0.02934   0.01907    0.1165        32       640    0.3269    0.6667    0.4114     0.101   0.06131   0.02816   0.01798
     21/99     3.12G   0.06655   0.02834   0.01832    0.1132        28       640    0.3068    0.5833    0.3277   0.05651   0.06241   0.02757   0.01742
     22/99     3.12G   0.06401   0.02739   0.01785    0.1093        34       640    0.3338    0.5034    0.3541   0.08409   0.05929    0.0276    0.0168
     23/99     3.12G   0.06339   0.02999   0.01794    0.1113        31       640    0.4549    0.6938     0.474    0.1209   0.05605    0.0274   0.01573
     24/99     3.12G   0.06134   0.02621   0.01667    0.1042        29       640    0.5981    0.7507    0.6216    0.1868   0.05341   0.02686   0.01439
     25/99     3.12G   0.05985   0.02801   0.01468    0.1025        28       640    0.4336    0.7083    0.5065    0.1243   0.05397   0.02598   0.01361
     26/99     3.12G   0.05836    0.0279    0.0142    0.1005        32       640    0.4475    0.5556    0.5229    0.1288   0.05783   0.02474   0.01223
     27/99     3.12G   0.06163   0.02744   0.01337    0.1024        34       640     0.291    0.3056     0.245   0.04221   0.05849   0.02406   0.01098
     28/99     3.12G    0.0612   0.02675    0.0126    0.1006        32       640    0.6837    0.8056    0.7897    0.2343   0.05292   0.02346  0.009609
     29/99     3.12G    0.0596   0.02381   0.01093   0.09434        32       640     0.783    0.7219    0.7375     0.225   0.05052   0.02313  0.008624
     30/99     3.12G   0.05552   0.02315  0.009732    0.0884        26       640    0.6425    0.7495    0.7034    0.1836   0.05234   0.02189  0.007587
     31/99     3.12G   0.05699   0.02235  0.008384   0.08772        35       640    0.6241    0.8056    0.6716    0.2323   0.05175   0.02104  0.006814
     32/99     3.12G   0.05575   0.02123  0.007851   0.08482        28       640     0.782    0.5417    0.6877    0.2375   0.05375   0.01981  0.006057
     33/99     3.12G   0.06449   0.02183  0.007407   0.09373        23       640   0.06507    0.5833   0.06069  0.009718   0.09449   0.01513  0.006182
     34/99     3.12G   0.08702    0.0163  0.006921    0.1102        30       640    0.3758    0.6099    0.4787    0.1615    0.0726   0.01736   0.00528
     35/99     3.12G   0.07299   0.02042  0.006161   0.09957        30       640    0.5385    0.5694    0.5098    0.1644   0.06215   0.01826  0.005218
     36/99     3.12G   0.06617   0.01927  0.006193   0.09163        31       640    0.3147    0.3037    0.2684   0.06553   0.07751    0.0164   0.00534
     37/99     3.12G   0.07062   0.01743  0.006227   0.09427        28       640    0.6399     0.596    0.6236    0.1674   0.06301   0.01789  0.005316
     38/99     3.12G   0.05804   0.02034  0.006513   0.08489        21       640    0.5574    0.6111     0.645    0.2186   0.06077   0.01737  0.004906
     39/99     3.12G   0.06323   0.01896  0.005974   0.08817        32       640    0.4972    0.4444    0.4704    0.1539   0.06055   0.01731  0.004644
     40/99     3.12G    0.0651    0.0184   0.00561   0.08911        34       640    0.6921    0.5493    0.7131    0.2542   0.05354   0.01806   0.00429
     41/99     3.12G   0.05629   0.01924  0.004716   0.08025        35       640    0.5856      0.75    0.7342    0.2348   0.06146   0.01674  0.004192
     42/99     3.12G   0.06154   0.01802  0.004762   0.08432        36       640    0.6211    0.6265    0.6763    0.2058   0.05676   0.01668  0.003797
     43/99     3.12G   0.06042   0.01746   0.00467   0.08255        24       640    0.7819     0.513    0.7067    0.2413   0.05214   0.01696  0.003609
     44/99     3.12G   0.05587   0.01733  0.004199    0.0774        24       640     0.641    0.5556    0.6079    0.2246   0.06043    0.0158  0.003438
     45/99     3.12G   0.05711   0.01766  0.003969   0.07874        35       640    0.7303    0.5715    0.7217    0.2277   0.05249    0.0166  0.003374
     46/99     3.12G   0.05368   0.01736  0.004061    0.0751        27       640    0.4504    0.7076    0.6316    0.1686   0.05736   0.01576  0.003297
     47/99     3.12G   0.06046   0.01675  0.003818   0.08103        36       640    0.5976    0.7058    0.7414    0.2168   0.05919   0.01544  0.003299
     48/99     3.12G   0.06033    0.0168  0.003925   0.08106        36       640    0.6666    0.8981     0.837    0.2913   0.05409   0.01551   0.00313
     49/99     3.12G   0.05719   0.01687  0.004014   0.07807        24       640         1    0.5479    0.7543    0.3436   0.05078   0.01537  0.003185
     50/99     3.12G     0.049   0.01676  0.003849    0.0696        34       640    0.4771    0.8472    0.6656    0.2758   0.05643    0.0148  0.003139
     51/99     3.12G   0.05974   0.01544  0.003513    0.0787        29       640    0.3814    0.8472     0.633    0.1251   0.05414   0.01468  0.002993
     52/99     3.12G   0.05594   0.01559  0.003494   0.07503        31       640    0.7692     0.513    0.6805    0.3018   0.05862   0.01373  0.002883
     53/99     3.12G   0.05877   0.01548  0.003518   0.07776        32       640    0.7169    0.5062    0.6761    0.1891   0.04911   0.01489  0.002955
     54/99     3.12G   0.05069   0.01607  0.003572   0.07034        31       640    0.7349    0.7611    0.8187    0.3073   0.04883   0.01447  0.002953
     55/99     3.12G   0.05429   0.01644  0.003256   0.07399        25       640    0.6673    0.6199    0.6729    0.2593   0.04808   0.01438  0.002675
     56/99     3.12G   0.04711   0.01619  0.002861   0.06616        28       640    0.6449    0.9474    0.8379    0.2919   0.04778   0.01412  0.002556
     57/99     3.12G   0.05397   0.01486  0.002882   0.07171        29       640    0.5866    0.7083    0.6983    0.2249   0.05441   0.01333  0.002502
     58/99     3.12G   0.05512   0.01329  0.003009   0.07142        22       640    0.5468    0.9583    0.7136     0.279   0.04811   0.01358  0.002553
     59/99     3.12G   0.05757   0.01407  0.003374   0.07501        35       640    0.5419    0.8472    0.7176    0.2429   0.05222   0.01317  0.002582
     60/99     3.12G   0.05203   0.01509  0.003253   0.07037        25       640     0.815     0.635     0.804    0.2493   0.05002   0.01355   0.00269
     61/99     3.12G   0.04863   0.01513  0.003363   0.06712        33       640    0.6629    0.8053    0.8453    0.4782   0.04437   0.01356  0.002641
     62/99     3.12G   0.04433   0.01582  0.003072   0.06322        40       640     0.916    0.6343    0.8127    0.2187   0.05199   0.01261  0.002512
     63/99     3.12G   0.05102   0.01445  0.002856   0.06833        26       640    0.7671    0.8472    0.8629    0.4074   0.04493   0.01292  0.002458
     64/99     3.12G   0.04366    0.0146  0.002825   0.06109        30       640    0.5559    0.9966    0.7899    0.2893   0.05016   0.01255  0.002227
     65/99     3.12G   0.04987   0.01413  0.003162   0.06716        24       640    0.6363    0.8469    0.7928    0.3722   0.04693   0.01249  0.002142
     66/99     3.12G   0.04673   0.01408  0.002557   0.06337        28       640    0.7384    0.8451     0.834    0.3509   0.04512    0.0124  0.002128
     67/99     3.12G   0.04874   0.01336  0.002831   0.06493        33       640    0.7082    0.8472    0.7639    0.3184   0.04282   0.01276  0.002243
     68/99     3.12G   0.04464   0.01399  0.002864    0.0615        30       640    0.7821    0.6667    0.8208    0.2679    0.0539   0.01188  0.002163
     69/99     3.12G   0.05122   0.01317  0.002435   0.06682        26       640    0.5795    0.5688    0.6026    0.2418   0.04909   0.01224  0.002113
     70/99     3.12G   0.04736   0.01318  0.002464     0.063        31       640    0.5345    0.8046    0.6926    0.2768   0.04913   0.01217  0.002006
     71/99     3.12G   0.04775   0.01358   0.00251   0.06384        23       640    0.5363    0.8056    0.6338    0.2174   0.04597   0.01226  0.001959
     72/99     3.12G   0.04511   0.01372  0.002212   0.06104        41       640    0.7402    0.8036    0.7653    0.2706   0.04795   0.01178  0.001887
     73/99     3.12G   0.04553   0.01208  0.002244   0.05985        29       640    0.9996    0.7752    0.9216    0.5215      0.04   0.01204  0.001894
     74/99     3.12G   0.04187   0.01316  0.002185   0.05722        31       640    0.7448    0.8558    0.8591    0.3266    0.0418   0.01186  0.001841
     75/99     3.12G   0.04484   0.01281  0.002012   0.05966        31       640     0.688    0.8472    0.8073    0.2865   0.04956   0.01162  0.001777
     76/99     3.12G   0.04753   0.01351  0.002162    0.0632        34       640    0.9565    0.8329    0.9224    0.4744   0.04215   0.01167  0.001817
     77/99     3.12G   0.04922   0.01196  0.002073   0.06326        23       640    0.8059    0.8472    0.8912    0.4748   0.04711    0.0114  0.001842
     78/99     3.12G   0.04259   0.01338  0.002037   0.05801        35       640    0.9273    0.8472    0.9627    0.4898   0.04058   0.01154  0.001799
     79/99     3.12G   0.04154   0.01305  0.002098   0.05669        30       640     0.655    0.7339     0.762    0.3986   0.04105   0.01153  0.001758
     80/99     3.12G   0.03978   0.01229  0.002065   0.05413        26       640    0.5688     0.763    0.7086    0.3251   0.04057   0.01151  0.001722
     81/99     3.12G   0.04321   0.01174  0.001957    0.0569        29       640    0.7563    0.9376     0.898    0.5538   0.04103   0.01134  0.001731
     82/99     3.12G   0.04474   0.01188  0.001932   0.05856        26       640    0.9544    0.9583    0.9593    0.4107   0.04054   0.01135  0.001735
     83/99     3.12G   0.04552   0.01288  0.001827   0.06023        36       640    0.8656    0.9583    0.9325    0.4003    0.0429   0.01133  0.001758
     84/99     3.12G   0.04301   0.01294  0.002133   0.05808        31       640    0.8329    0.9583    0.8858    0.3883   0.04043   0.01131  0.001691
     85/99     3.12G   0.04139   0.01321  0.001911   0.05651        42       640    0.8643    0.9583    0.9742    0.5273   0.03854   0.01112  0.001561
     86/99     3.12G   0.04059   0.01121  0.001832   0.05364        27       640    0.9584    0.8962    0.9735    0.5603   0.03818   0.01111  0.001508
     87/99     3.12G   0.04086   0.01182  0.001765   0.05445        19       640    0.9307    0.8469     0.913    0.4293   0.03978   0.01114  0.001528
     88/99     3.12G   0.03761   0.01206  0.001751   0.05142        26       640     0.808     0.847    0.8451    0.3957   0.04093   0.01109  0.001509
     89/99     3.12G   0.04461   0.01088  0.001744   0.05723        20       640    0.9578    0.8497    0.9564    0.4852   0.04187   0.01101  0.001532
     90/99     3.12G   0.03972   0.01188  0.001832   0.05344        34       640    0.8548    0.8472    0.9215    0.4598   0.03746   0.01091  0.001477
     91/99     3.12G   0.04191   0.01152  0.001928   0.05536        31       640    0.8629    0.9577    0.9605     0.557   0.03678   0.01106  0.001472
     92/99     3.12G   0.03385   0.01165  0.002137   0.04764        28       640    0.9177    0.9583    0.9598    0.4418   0.04319   0.01098  0.001464
     93/99     3.12G   0.04436   0.01099  0.001775   0.05712        28       640    0.9225    0.8465    0.9038    0.5201   0.03624   0.01095  0.001535
     94/99     3.12G   0.03544   0.01178  0.001809   0.04904        30       640    0.9568    0.8173    0.9252     0.431   0.03789   0.01069  0.001436
     95/99     3.12G   0.03688   0.01211  0.001724   0.05071        29       640    0.8923    0.9583    0.9394    0.5211   0.03385   0.01063  0.001356
     96/99     3.12G   0.03544   0.01187  0.001655   0.04896        29       640    0.9622    0.9025    0.9456     0.503   0.03856   0.01056   0.00131
     97/99     3.12G   0.04341   0.01249  0.001563   0.05746        38       640    0.8911    0.9583    0.9658    0.4881    0.0377   0.01048  0.001372
     98/99     3.12G   0.03855   0.01194  0.001647   0.05213        34       640    0.9398    0.9583    0.9742    0.5695   0.03992   0.01037  0.001437
     99/99     3.12G   0.04338   0.01139  0.001651   0.05642        35       640    0.8763    0.8472    0.8746    0.4269   0.03906   0.01057  0.001448
